1,3.6,0.72,3.6,1.08,0.249881,0.135181,0,0
51,3.6,0.71,3.6,1.07,0.25464,0.0859879,-43.87,0
101,3.6,0.71,3.6,1.08,0.265757,0.0845487,-87.0344,0
151,3.6,0.7,3.6,1.08,0.292808,0.126988,-87.0011,0
201,1.12,0.71,3.6,1.07,0.261534,0.0837697,-85.3975,0
251,1.12,0.7,3.6,1.09,0.226802,0.112691,-87.1768,0
301,3.6,0.71,3.6,1.07,0.254609,0.0489729,-84.8913,0
351,3.6,0.71,3.6,1.07,0.237565,0.107975,-84.974,0
401,3.6,0.71,3.6,1.08,0.248318,0.106878,-87.0011,0
451,3.6,0.71,3.6,1.08,0.249973,0.0806922,-91.6787,0
501,3.6,0.71,3.6,1.08,0.262317,0.0894834,-87.0011,0
551,3.6,0.72,3.6,1.07,0.234084,0.11017,-85.4978,0
601,3.6,0.71,3.6,1.08,0.266372,0.0959457,-87.004,0
651,3.6,0.71,3.6,1.07,0.261626,0.0930818,-80.8208,0
701,3.6,0.71,3.6,1.07,0.252695,0.0879735,-77.4295,0
751,3.6,0.7,3.6,1.08,0.258755,0.111352,-87.0197,0
801,3.6,0.71,3.6,1.08,0.247932,0.107213,-87.0011,0
851,3.6,0.71,3.6,1.08,0.245759,0.0994284,-87.0011,0
901,3.6,0.71,3.6,1.08,0.255809,0.0846252,-87.0011,0
951,3.6,0.71,3.6,1.08,0.232818,0.0769672,-85.3232,0
1001,3.6,0.71,3.6,1.08,0.251203,0.0743512,-87.0011,0
1051,3.6,0.71,3.6,1.08,0.236658,0.106388,-87.1763,0
1101,3.6,0.7,3.6,1.08,0.248348,0.0895433,-87.0011,0
1151,3.6,0.71,3.6,1.08,0.254583,0.103007,-87.691,0
1201,3.6,0.72,3.6,1.09,0.256328,0.0865,-89.4084,0
1251,3.6,0.71,3.6,1.08,0.24092,0.0820502,-97.6177,0
1301,3.6,0.71,3.6,1.08,0.254063,0.0907878,-87.0011,0
1351,3.6,0.72,3.6,1.08,0.237059,0.0920539,-87.0011,0
1401,3.6,0.71,3.6,1.07,0.231658,0.0841617,-79.3504,0
1451,3.6,0.72,3.6,1.08,0.233767,0.0942593,-87.0051,0
1501,3.6,0.72,3.6,1.08,0.24479,0.0969168,-87.0011,0
1551,3.6,0.72,3.6,1.08,0.231946,0.104022,-118.663,0
1601,3.6,0.72,3.6,1.07,0.244053,0.102305,-85.4741,0
1651,3.6,0.71,3.6,1.07,0.252289,0.0974409,7.7875,0
1701,3.6,0.72,3.6,1.08,0.244879,0.0881769,-87.0777,0
1751,3.6,0.71,3.6,1.08,0.236947,0.113466,-87.134,0
1801,3.6,0.72,3.6,1.09,0.249109,0.0957814,-88.9635,0
1851,3.6,0.72,3.6,1.07,0.261426,0.109356,-85.4989,0
1901,0.51,0.56,3.6,2.44,0.310829,0.265778,-316.373,0
1951,0.51,0.56,3.6,2.46,0.388797,0.51687,-304.636,0
2001,0.51,0.57,3.6,2.46,0.293104,-0.182479,-330.633,0
2051,0.5,0.56,3.6,2.46,0.427908,-0.368952,-294.002,0
2101,0.51,0.56,3.6,2.46,-0.0826584,0.433163,-294.002,0
2151,0.51,0.56,3.6,2.45,0.226565,-0.307948,-289.79,0
2201,0.51,0.56,3.6,2.45,0.0151847,-0.00195035,-286.353,0
2251,0.5,0.56,3.6,2.44,0.0209425,0.160825,-290.994,0
2301,0.51,0.56,3.6,2.44,-0.149862,0.428072,-288.943,0
2351,0.5,0.56,3.6,2.45,0.317924,-0.0651039,-299.617,0
2401,0.5,0.56,3.6,2.46,0.26238,0.0833894,-303.353,0
2451,0.5,0.57,3.6,2.43,0.00914383,-0.176073,-289.474,0
2501,0.5,0.57,3.6,2.44,0.0423042,0.039138,-290.991,0
2551,0.49,0.58,3.6,2.42,-0.0522825,0.0450906,-282.581,0
2601,0.48,0.58,3.6,2.38,0.0280528,0.10584,-273.752,0
2651,0.46,0.6,3.6,2.37,-0.0185161,0.0818745,-283.206,0
2701,0.43,0.63,3.6,2.38,0.00683395,-0.150541,-282.009,0
2751,0.38,0.66,3.6,2.31,-0.0455268,0.141127,-250.233,0
2801,0.32,0.71,3.6,2.28,-0.0842842,0.19474,-230.29,0
2851,0.27,0.76,3.6,2.23,-0.0229795,-0.0808998,-115.575,0
2901,0.21,0.82,3.6,2.17,-0.270088,-1.43996,-195.446,0
2951,0.2,0.88,1.3,2.1,-0.337164,-0.299575,-156.242,0
3001,0.2,0.94,1.3,2.09,0.0636304,0.0929363,-238.491,0
3051,0.21,0.99,1.15,2.02,0.118198,0.344485,-103.033,0
3101,0.21,1.04,1.18,1.96,-0.0815486,0.112786,-3.21198,0
3151,0.22,1.09,1.22,1.9,0.131633,0.219388,-213.971,0
3201,0.21,1.13,1.23,1.86,-0.0237893,0.575307,-202.781,0
3251,0.2,1.23,1.23,1.84,0.179426,-0.00749591,-200.998,0
3301,0.19,1.3,0.92,1.68,0.0499901,0.290205,110.993,0
3351,0.2,1.39,0.94,1.59,-1.00662,-2.09559,124.591,0
3401,0.19,1.46,0.96,1.5,0.0183617,0.0422133,123.678,0
3451,0.2,1.53,0.96,1.42,-0.00396432,-0.185046,240.107,0
3501,0.2,1.6,0.97,1.38,-0.0988485,-0.452973,-131.689,0
3551,0.2,1.65,0.97,1.31,-0.0776519,0.328105,-121.097,0
3601,0.2,1.7,0.98,1.24,-1.09348,-1.23611,-110.303,0
3651,0.2,1.73,0.98,1.17,-0.0365791,0.0453456,-92.3681,0
3701,0.2,1.82,1,1.11,-0.0271447,0.101452,-90.2965,0
3751,0.2,1.85,1.01,1.06,-0.0228808,0.0913995,-82.6158,0
3801,1.44,1.81,1,1,0.0626409,-0.321014,-73.1799,0
3851,1.45,1.15,1,0.94,-0.174143,0.219006,-61.2906,0
3901,1.46,0.99,1,0.88,-0.0218044,-0.113984,-48.8658,0
3951,1.47,0.99,0.98,0.82,0.00176626,0.56569,-37.3105,0
4001,1.49,1.02,0.96,0.74,-0.107906,0.35606,-21.7472,0
4051,1.51,1.2,0.95,0.71,0.153205,0.309866,-31.4913,0
4101,1.53,1.38,0.91,0.6,0.0442016,0.521708,-8.77533,0
4151,1.54,1.45,0.89,0.52,-0.0285977,0.166986,7.69147,0
4201,1.54,2.12,0.88,0.44,0.205767,-0.202196,-2.47044,176.8
4251,1.54,2.12,0.87,0.38,0.014008,0.191653,-2.47044,176.8
4301,1.53,3.6,0.89,0.32,0.00755269,-0.355744,-2.47044,174.575
4351,1.5,3.6,0.9,0.26,0.0803982,0.376364,-2.47044,74.2911
4401,1.5,1.26,0.91,0.2,0.0907044,-0.147099,-2.47044,169.998
4451,1.5,1.26,0.91,0.2,0.684798,-0.00739069,-2.47044,169.998
4501,1.5,3.6,0.91,0.19,0.736496,0.421938,-2.47044,170.398
4551,1.5,3.6,0.91,0.19,0.560948,0.203575,-2.47044,170.69
4601,1.49,3.6,0.92,0.18,-0.179568,-0.130432,-2.47044,167.108
4651,1.48,3.6,0.94,0.19,-1.01327,-0.655885,-2.47044,166.599
4701,1.46,3.6,0.95,0.2,-0.49637,-0.145241,-2.47044,163.198
4751,1.44,3.6,0.96,0.2,-0.727886,-0.477149,-2.47044,157.091
4801,1.43,3.6,0.98,0.2,-0.532619,-0.106421,-2.47044,153.428
4851,1.42,3.6,0.99,0.18,-0.461056,-0.426858,-2.47044,156.388
4901,1.39,1.07,1.01,0.19,-0.543383,-0.906684,-2.47044,103.167
4951,1.38,1.07,1.03,0.19,0.0447208,-0.158115,-2.47044,94.9794
5001,1.35,0.92,1.04,0.2,0.033726,-0.0721674,-2.47044,0.896657
5051,1.33,0.92,1.07,0.22,-0.0870436,-0.285761,-2.47044,142.623
5101,1.32,0.91,1.09,0.2,0.297437,-0.133226,-2.47044,139.096
5151,1.29,0.93,1.11,0.21,0.292588,0.220608,-2.47044,133.9
5201,1.27,0.91,1.14,0.21,0.38585,-0.00629716,-2.47044,129.993
5251,1.26,0.91,1.16,0.2,0.256979,0.361553,-2.47044,129.198
5301,1.24,3.6,1.19,0.21,0.337785,0.485929,-2.47044,124.889
5351,1.22,0.97,1.21,0.21,0.415647,0.188,-2.47044,120.339
5401,1.2,3.6,1.22,0.21,0.595339,0.23588,-2.47044,118.992
5451,1.18,3.6,1.23,0.21,0.539369,0.24262,-2.47044,109.457
5501,1.16,3.6,1.25,0.21,0.36557,0.238101,-2.47044,110.14
5551,1.15,3.6,1.25,0.21,0.431232,-0.0787217,-2.47044,107.795
5601,1.15,1.11,1.26,0.22,0.298587,-0.265026,-2.47044,110.499
5651,1.15,1.11,1.27,0.22,0.443705,-0.0464939,-2.47044,165.117
5701,1.15,3.6,1.27,0.22,0.450441,0.382216,-2.47044,110.501
5751,1.15,3.6,1.27,0.23,0.27307,0.0704863,-2.47044,112.556
5801,1.15,3.6,1.26,0.24,0.277942,0.0413911,-2.47044,110.501
5851,1.16,3.6,1.25,0.25,0.42818,0.280073,-2.47044,112.203
5901,1.17,3.6,1.25,0.26,0.0962897,0.210551,-2.47044,114.425
5951,1.18,3.6,1.24,0.27,0.321518,0.229241,-2.47044,115.678
6001,1.18,0.88,1.24,0.29,0.315113,0.346146,-2.47044,115.601
6051,1.18,0.88,1.25,0.3,0.13617,-0.199595,-2.47044,115.601
6101,1.15,3.6,1.26,0.3,0.300964,-0.290519,-2.47044,78.7376
6151,1.13,3.6,1.28,0.31,0.268526,0.13725,-2.47044,-36.4589
6201,1.13,3.6,1.29,0.32,0.105494,-0.284446,-2.47044,107.099
6251,1.11,1.08,1.31,0.33,0.279164,-0.200591,-2.47044,103.523
6301,1.09,1.63,1.33,0.35,0.305497,0.500084,-2.47044,100.123
6351,1.07,2.34,1.35,0.37,0.360731,0.286488,-2.47044,96.548
6401,1.05,2.5,1.38,0.38,0.182361,0.35613,-2.47044,92.8096
6451,1.02,2.51,1.4,0.39,0.215238,0.438613,-2.47044,87.3492
6501,0.99,2.51,1.44,0.41,0.209485,0.0863599,-2.47044,81.4707
6551,0.96,2.51,1.47,0.43,0.268128,0.167486,-2.47044,77.2908
6601,0.92,2.48,1.52,0.43,0.307872,0.556655,-2.47044,70.3469
6651,0.88,2.44,1.55,0.46,0.290116,0.0947182,-2.47044,63.2172
6701,0.83,2.43,1.6,0.48,0.14952,0.242935,-2.47044,50.6842
6751,0.78,2.42,1.64,0.5,0.0967027,-0.0538343,-2.47044,40.4856
6801,0.73,2.4,1.7,0.53,0.233219,-0.165065,-41.1588,22.9527
6851,0.68,2.38,1.72,0.54,0.270509,0.403224,-6.03429,22.9527
6901,0.63,2.33,1.8,0.6,0.216331,-0.373798,-43.1518,22.9527
6951,0.57,2.3,1.85,0.64,0.20547,0.0728264,-69.2328,22.9527
7001,0.52,2.24,1.91,0.68,0.143217,0.292233,-54.9454,22.9527
7051,0.45,2.23,1.98,0.73,0.0582363,0.165712,-82.7883,22.9527
7101,0.39,2.2,2.05,0.78,0.00691231,0.319649,-69.9746,22.9527
7151,0.31,2.13,2.12,0.83,-0.201453,-0.197777,-81.3931,22.9527
7201,0.26,2.13,2.19,0.85,0.262424,0.0968611,-70.8515,22.9527
7251,0.18,2.05,2.25,0.86,-0.0822119,0.383025,-54.0155,22.9527
7301,0.19,2.14,2.25,0.87,0.145612,0.614774,-55.5113,22.9527
7351,0.19,2.18,2.25,0.86,0.0540485,0.275659,-40.0425,22.9527
7401,0.2,2.19,2.25,0.85,0.0890567,0.159553,-52.4741,22.9527
7451,0.21,2.19,2.23,0.84,0.159597,0.252848,-50.9851,22.9527
7501,0.22,2.23,2.2,0.82,0.0872598,0.448254,-29.6488,22.9527
7551,0.25,2.24,2.19,0.79,0.0721421,-0.0480867,-27.3209,22.9527
7601,0.29,2.23,2.15,0.77,0.0307847,-0.0986278,-34.3436,22.9527
7651,0.33,2.23,2.1,0.75,-0.0204279,-0.335052,-28.1404,22.9527
7701,0.39,2.23,2.03,0.73,0.223546,0.205596,-32.683,22.9527
7751,0.46,2.25,1.96,0.7,0.112607,0.349007,-25.8749,22.9527
7801,0.53,2.26,1.88,0.68,0.0742779,0.133412,-24.2863,22.9527
7851,0.62,2.28,1.82,0.67,0.106717,0.383856,-25.497,22.9527
7901,0.69,2.3,1.76,0.65,0.380347,0.450178,-11.8739,22.9527
7951,0.77,2.34,1.7,0.62,0.308372,-0.0439971,0.36,22.9527
8001,0.85,2.32,1.63,0.58,0.313551,0.515519,-3.88362,22.9527
8051,0.92,2.34,1.56,0.53,0.355952,0.0480298,120.429,22.9527
8101,0.98,2.33,1.48,0.49,0.408943,0.501736,-0.447632,1648.44
8151,1.04,3.6,1.42,0.45,0.41717,0.569143,-0.447632,133.652
8201,1.1,0.88,1.36,0.42,0.583022,0.451619,-0.447632,226.747
8251,1.15,0.81,1.33,0.41,0.123051,0.510187,-0.447632,325.906
8301,1.18,0.81,1.28,0.38,0.0936769,0.357385,-0.447632,112.259
8351,1.2,3.6,1.24,0.36,0.246916,0.461431,-0.447632,119.205
8401,1.22,0.83,1.21,0.34,0.122086,0.275646,-0.447632,122.401
8451,1.24,3.6,1.19,0.32,-0.0285343,0.384014,-0.447632,126.325
8501,1.25,3.6,1.19,0.31,0.177148,-0.111573,-0.447632,128.407
8551,1.24,3.6,1.18,0.31,-0.0584431,0.373397,-0.447632,127.365
8601,1.22,3.6,1.2,0.31,0.145304,0.0941721,-0.447632,119.691
8651,1.2,0.81,1.22,0.31,0.0195836,-0.409124,-0.447632,114.321
8701,1.17,3.6,1.24,0.31,0.16512,0.178156,-0.447632,105.808
8751,1.14,3.6,1.27,0.31,0.362209,0.13983,-0.447632,45.5315
8801,1.12,3.6,1.28,0.31,0.380517,0.298462,-0.447632,50.7457
8851,1.11,3.6,1.31,0.3,0.0187458,0.0529714,-0.447632,103.641
8901,1.08,2.33,1.33,0.3,0.0958152,-0.0390707,-0.447632,97.692
8951,1.07,2.32,1.35,0.3,0.186166,0.235874,-0.447632,96.8989
9001,1.05,2.43,1.36,0.29,0.26965,0.381018,-0.447632,92.5925
9051,1.04,2.5,1.38,0.28,0.268795,0.023506,-0.447632,91.7989
9101,1.03,2.49,1.38,0.27,0.177257,0.443003,-0.447632,90.0989
9151,1.02,2.49,1.39,0.26,0.4283,0.0216079,-0.447632,86.8336
9201,1.02,2.56,1.39,0.25,0.311224,-0.197549,-0.447632,88.3989
9251,1.01,2.61,1.4,0.26,0.410555,0.124404,-0.447632,86.6989
9301,1,2.63,1.42,0.25,0.298947,0.446906,-0.447632,84.991
9351,0.99,2.64,1.42,0.26,0.360354,0.267384,-0.447632,80.5945
9401,0.99,2.64,1.42,0.26,0.336888,0.29602,-0.447632,83.2994
9451,0.97,2.67,1.44,0.26,0.162827,0.404254,-0.447632,55.8187
9501,0.95,2.64,1.45,0.25,0.105812,0.315685,-0.447632,13.2462
9551,0.93,2.64,1.48,0.24,0.254589,-0.0277822,-0.447632,18.4542
9601,0.9,3.6,1.5,0.23,0.199425,0.236022,-0.447632,-120.704
9651,0.88,2.68,1.53,0.22,0.287761,0.457236,-0.447632,64.3318
9701,0.83,2.73,1.57,0.21,-0.535046,0.0447952,-0.447632,34.0928
9751,0.78,2.73,1.6,0.21,0.273595,-0.469771,-0.447632,-7.39107
9801,0.74,2.73,1.65,0.2,0.236876,-0.161129,-0.447632,-147.948
9851,0.72,2.74,1.69,0.21,0.309121,0.121172,-0.447632,37.2445
9901,0.69,2.73,1.72,0.21,0.415599,0.0194809,-0.447632,32.0318
9951,0.67,2.73,1.76,0.21,0.28415,0.253828,-0.447632,28.8993
10001,0.64,2.74,1.77,0.2,-3.50473,-1.264,-0.447632,23.274
10051,0.62,2.73,1.78,0.2,0.238765,0.200755,-0.447632,19.2073
10101,0.61,3.6,1.8,0.21,0.411087,-0.211803,-0.447632,15.1447
10151,0.6,3.6,1.82,0.18,-0.54962,-0.172407,-0.447632,19.0528
10201,0.58,3.6,1.85,0.19,0.44949,0.595492,-0.447632,13.5899
10251,0.55,3.6,1.88,0.19,-2.64706,-1.05988,-0.447632,3.81775
10301,0.52,3.6,1.92,0.19,0.0511725,0.0200719,-0.447632,-14.9359
10351,0.48,2.54,1.95,0.19,-0.209993,-0.340515,-3047.15,3.22368
10401,0.43,2.54,2,0.19,-0.440839,-0.240333,305.996,3.22368
10451,0.39,1.69,2.06,0.2,0.2161,0.366225,169.818,3.22368
10501,0.37,1.69,2.16,0.19,-1.34707,-0.878403,178.498,3.22368
10551,0.33,3.6,2.27,0.21,-0.332722,-0.205915,465.248,3.22368
10601,0.29,3.6,2.35,0.22,-0.205309,0.035857,465.004,3.22368
10651,0.24,0.49,3.6,0.23,-0.0786325,0.992565,-46.2951,-2041.51
10701,0.24,0.55,3.6,0.21,-1.10193,-0.800099,6.60666,-527.106
10751,0.25,0.73,2.3,0.2,-0.188325,-0.262932,73.7062,-527.106
10801,0.24,0.84,2.23,0.19,0.344808,0.455401,51.0963,-527.106
10851,0.25,3.6,2.19,0.2,0.48084,0.636623,3396.38,-527.106
10901,0.25,3.6,2.19,0.2,0.289071,0.132683,465.004,-527.106
10951,0.24,1.13,2.22,0.2,0.317566,0.406068,94.3592,-527.106
11001,0.22,3.6,2.21,0.21,0.228347,0.483394,635.757,-527.106
11051,0.2,1.52,2.21,0.22,0.416901,-0.00435538,152.845,-527.106
11101,0.19,3.6,2.22,0.24,0.874883,-1.23797,574.421,-527.106
11151,0.21,3.6,2.21,0.25,0.461277,0.7216,465.004,-527.106
11201,0.21,3.6,2.2,0.28,0.433078,0.420197,465.004,-527.106
11251,0.23,3.6,2.19,0.31,0.345956,0.53561,465.004,-527.106
11301,0.27,2.64,2.16,0.35,0.147884,0.486896,-1018.93,-527.106
11351,0.29,2.64,2.12,0.4,0.499492,0.0839735,320.996,-527.106
11401,0.34,2.57,2.08,0.45,0.495538,0.313526,149.107,-527.106
11451,0.39,2.49,2.05,0.5,0.325617,0.578695,294.353,-527.106
11501,0.44,2.42,2.02,0.57,0.228993,0.485269,269.266,-527.106
11551,0.49,2.33,1.96,0.65,0.332349,-0.233769,260.231,-527.106
11601,0.53,2.22,1.92,0.74,0.436324,0.0322782,-310.118,29338
11651,0.58,2.11,1.9,0.83,0.398454,0.396093,-92.0415,29338
11701,0.62,2.02,1.87,0.93,0.517953,0.200916,-536.922,29338
11751,0.66,1.93,0.43,1.03,0.561154,0.196971,-149.332,29338
11801,0.68,1.82,0.4,1.13,0.536498,0.028892,-252.947,29338
11851,0.7,1.71,0.39,1.23,0.363646,0.066526,-317.748,29338
11901,0.73,1.63,0.39,1.32,0.516814,-0.262565,-176.242,29338
11951,0.75,1.55,0.39,1.4,0.347202,0.485864,-231.557,29338
12001,0.77,1.47,0.39,1.47,0.467159,0.0308258,-270.625,29338
12051,0.79,1.39,0.39,1.54,0.412571,0.472883,-211.909,29338
12101,0.81,1.32,0.39,1.58,0.491998,0.0506514,-176.244,29338
12151,0.84,1.25,0.38,1.68,0.516673,-0.0220761,-219.052,29338
12201,0.86,1.19,0.38,1.76,0.355081,-0.042209,-262.405,29338
12251,0.89,1.12,0.37,1.81,0.400034,-0.1606,-233.205,29338
12301,0.92,1.07,0.35,1.89,0.533773,0.13757,-233.237,29338
12351,1.02,1.02,0.31,1.95,0.529171,0.268856,-224.649,29338
12401,1.13,0.99,0.26,2,0.426584,-0.364619,-227.745,29338
12451,1.94,0.96,0.18,2.04,1.06768,2.94935,-255.252,29338
12501,1.3,0.93,0.17,2.01,0.417801,-0.583657,-226.484,29338
12551,1.27,0.93,0.16,2.01,-0.0145865,0.604465,-154.639,29338
12601,1.37,0.93,0.16,2.02,-0.400091,1.8694,-291.311,29338
12651,1.63,0.93,0.15,2,-0.0379216,1.17657,-211.016,29338
12701,1.5,0.94,0.16,1.99,0.257074,1.59884,-205.157,29338
12751,1.54,0.94,0.16,2.01,0.173873,0.715227,-240.477,29338
12801,1.54,0.94,0.15,2,0.185556,1.018,-206.657,29338
12851,1.43,0.95,0.15,2,0.0510445,0.667199,-218.858,29338
12901,1.29,0.95,0.18,2,0.243747,0.21854,-224.998,29338
12951,1.21,0.95,0.18,1.99,-0.00982022,-0.523604,-223.498,29338
13001,1.15,0.96,0.19,1.97,0.21322,-0.329819,-220.345,29338
13051,1.07,0.97,0.19,1.9,-0.00309492,0.237784,-191.471,29338
13101,1.05,1,0.22,1.8,-0.226403,-0.274335,-164.207,29338
13151,1,1.04,0.27,1.73,-0.0461495,-0.506831,-179.048,29338
13201,0.97,1.08,0.33,1.82,-0.13412,-0.434749,-210.387,29338
13251,0.88,1.14,0.41,1.82,-0.148189,0.228324,-187.321,29338
13301,0.77,1.16,0.45,1.79,0.102734,-0.376699,-193.491,29338
13351,0.66,1.24,0.58,1.71,0.019846,-0.0194243,-160.238,29338
13401,0.57,1.29,0.66,1.67,-0.131952,-0.211881,-138.797,29338
13451,0.47,1.31,0.73,1.65,-0.136832,-0.258911,-144.584,29338
13501,0.39,1.33,0.8,1.65,0.00139533,0.213124,-172.498,29338
13551,0.32,1.35,0.85,1.64,0.0851167,-0.182624,-168.29,29338
13601,0.26,1.37,0.91,1.64,-0.0614412,-0.253028,-166.327,29338
13651,0.21,1.38,0.95,1.63,0.0583453,-0.0601657,-169.497,29338
13701,0.18,1.4,0.99,1.63,-0.0576291,0.448723,-169.498,29338
13751,0.18,1.39,0.99,1.64,0.380121,0.0345237,-314.788,29338
13801,0.18,1.37,1,1.65,0.286949,0.351672,-171.002,29338
13851,0.18,1.34,1.01,1.66,0.279678,0.634162,-174.06,29338
13901,0.17,1.31,1.04,1.7,0.299873,0.184482,-186.162,29338
13951,0.17,1.26,1.1,1.73,1.37669,-1.13362,-200.668,29338
14001,0.17,1.25,1.11,1.77,0.065648,0.419557,-222.338,29338
14051,0.16,1.26,1.09,1.77,-1.10411,-2.42603,-190.502,29338
14101,0.16,1.27,1.09,1.76,-0.74061,-1.63667,-188.984,29338
14151,0.17,1.3,1.06,1.72,0.00419027,0.0899958,-183.891,29338
14201,0.17,1.33,1.04,1.71,-0.28011,-0.550347,-181.269,29338
14251,0.18,1.34,1.02,1.7,-0.165664,0.346851,-179.6,29338
14301,0.18,1.35,1.01,1.68,0.0639354,0.872621,-176.474,29338
14351,0.19,1.37,1,1.67,-0.168819,-0.413415,-174.591,29338
14401,0.19,1.39,1,1.64,-0.197181,-0.586391,-87.74,29338
14451,0.19,1.4,1,1.63,-0.157034,-0.143522,-75.0164,29338
14501,0.19,1.41,0.99,1.62,-0.327595,-0.144633,-167.94,29338
